Frequency (Hz)	Level (dB)
46.875000	-18.273731
93.750000	-19.781055
140.625000	-26.242617
187.500000	-33.326740
234.375000	-35.894356
281.250000	-35.077492
328.125000	-35.578030
375.000000	-36.266273
421.875000	-35.895134
468.750000	-35.921593
515.625000	-36.571480
562.500000	-37.122578
609.375000	-37.484276
656.250000	-37.902512
703.125000	-40.567028
750.000000	-41.003021
796.875000	-42.339500
843.750000	-41.978226
890.625000	-41.011013
937.500000	-41.688568
984.375000	-42.538704
1031.250000	-41.846584
1078.125000	-40.771488
1125.000000	-40.870075
1171.875000	-42.363308
1218.750000	-42.731426
1265.625000	-43.294140
1312.500000	-45.000240
1359.375000	-47.090954
1406.250000	-47.246964
1453.125000	-47.154182
1500.000000	-46.732807
1546.875000	-45.888035
1593.750000	-45.355862
1640.625000	-45.156517
1687.500000	-45.783726
1734.375000	-46.622066
1781.250000	-46.209511
1828.125000	-46.188992
1875.000000	-45.042309
1921.875000	-45.592731
1968.750000	-45.338394
2015.625000	-44.425461
2062.500000	-46.252045
2109.375000	-46.089783
2156.250000	-46.766201
2203.125000	-47.033985
2250.000000	-45.088352
2296.875000	-44.262688
2343.750000	-43.317417
2390.625000	-41.155750
2437.500000	-42.711563
2484.375000	-45.440647
2531.250000	-45.260128
2578.125000	-45.372021
2625.000000	-46.647942
2671.875000	-46.939846
2718.750000	-47.203545
2765.625000	-47.268913
2812.500000	-46.408543
2859.375000	-46.788239
2906.250000	-46.342281
2953.125000	-46.227009
3000.000000	-45.563038
3046.875000	-45.574924
3093.750000	-46.790997
3140.625000	-47.133659
3187.500000	-47.112965
3234.375000	-46.532555
3281.250000	-46.292713
3328.125000	-45.704586
3375.000000	-46.203510
3421.875000	-46.738174
3468.750000	-46.043907
3515.625000	-45.862415
3562.500000	-46.499302
3609.375000	-46.561756
3656.250000	-46.709469
3703.125000	-46.734299
3750.000000	-46.578846
3796.875000	-46.155460
3843.750000	-45.811550
3890.625000	-47.569767
3937.500000	-48.396748
3984.375000	-47.811428
4031.250000	-47.784618
4078.125000	-48.735909
4125.000000	-48.904140
4171.875000	-49.887268
4218.750000	-50.060696
4265.625000	-49.429661
4312.500000	-48.895256
4359.375000	-49.054432
4406.250000	-49.948914
4453.125000	-49.450554
4500.000000	-49.939121
4546.875000	-51.158524
4593.750000	-52.480324
4640.625000	-52.370693
4687.500000	-52.220261
4734.375000	-51.751801
4781.250000	-52.904896
4828.125000	-51.841125
4875.000000	-51.110142
4921.875000	-51.463039
4968.750000	-52.564926
5015.625000	-52.797329
5062.500000	-52.811581
5109.375000	-52.264057
5156.250000	-52.251842
5203.125000	-52.626232
5250.000000	-52.922188
5296.875000	-52.973499
5343.750000	-53.004848
5390.625000	-53.219276
5437.500000	-52.897514
5484.375000	-52.497021
5531.250000	-52.047562
5578.125000	-51.157562
5625.000000	-51.529884
5671.875000	-51.933952
5718.750000	-51.413960
5765.625000	-52.145161
5812.500000	-52.761028
5859.375000	-52.313332
5906.250000	-51.765324
5953.125000	-51.781368
6000.000000	-50.916439
6046.875000	-51.882126
6093.750000	-51.994278
6140.625000	-51.417542
6187.500000	-51.963299
6234.375000	-52.497604
6281.250000	-53.275639
6328.125000	-53.347641
6375.000000	-52.556824
6421.875000	-52.384796
6468.750000	-52.272938
6515.625000	-52.480824
6562.500000	-52.670944
6609.375000	-52.090298
6656.250000	-51.950169
6703.125000	-52.875397
6750.000000	-52.014515
6796.875000	-52.482868
6843.750000	-52.368889
6890.625000	-53.207104
6937.500000	-53.145599
6984.375000	-52.701611
7031.250000	-52.924454
7078.125000	-52.083797
7125.000000	-51.924370
7171.875000	-51.536587
7218.750000	-51.920803
7265.625000	-53.809975
7312.500000	-53.910027
7359.375000	-53.692982
7406.250000	-53.371346
7453.125000	-54.800488
7500.000000	-54.419415
7546.875000	-53.545464
7593.750000	-53.393509
7640.625000	-53.663322
7687.500000	-53.255249
7734.375000	-53.480122
7781.250000	-54.247139
7828.125000	-54.937321
7875.000000	-54.055199
7921.875000	-54.534645
7968.750000	-54.608055
8015.625000	-54.039227
8062.500000	-54.676929
8109.375000	-54.634132
8156.250000	-55.153446
8203.125000	-55.500034
8250.000000	-56.397240
8296.875000	-55.517998
8343.750000	-55.233948
8390.625000	-56.222996
8437.500000	-56.028255
8484.375000	-57.266994
8531.250000	-57.501949
8578.125000	-56.141014
8625.000000	-56.788048
8671.875000	-56.359917
8718.750000	-56.668846
8765.625000	-56.542320
8812.500000	-56.736980
8859.375000	-56.921524
8906.250000	-56.623661
8953.125000	-56.944843
9000.000000	-57.000225
9046.875000	-57.891117
9093.750000	-56.860092
9140.625000	-56.899143
9187.500000	-58.985332
9234.375000	-58.698135
9281.250000	-57.555298
9328.125000	-58.063427
9375.000000	-58.895775
9421.875000	-59.047119
9468.750000	-58.326103
9515.625000	-56.318684
9562.500000	-57.674053
9609.375000	-59.573479
9656.250000	-60.733601
9703.125000	-60.124649
9750.000000	-60.305252
9796.875000	-62.261414
9843.750000	-61.895638
9890.625000	-60.509583
9937.500000	-59.799477
9984.375000	-59.827087
10031.250000	-60.002724
10078.125000	-59.307114
10125.000000	-60.447449
10171.875000	-60.302505
10218.750000	-60.297192
10265.625000	-59.920185
10312.500000	-59.890915
10359.375000	-58.642723
10406.250000	-57.559036
10453.125000	-58.253345
10500.000000	-58.973976
10546.875000	-59.069889
10593.750000	-59.994400
10640.625000	-60.255173
10687.500000	-59.284538
10734.375000	-57.996292
10781.250000	-57.820168
10828.125000	-59.072590
10875.000000	-59.120285
10921.875000	-59.673435
10968.750000	-59.980179
11015.625000	-59.522453
11062.500000	-58.716206
11109.375000	-59.048985
11156.250000	-58.760021
11203.125000	-56.868149
11250.000000	-57.304958
11296.875000	-58.014896
11343.750000	-57.360558
11390.625000	-58.403557
11437.500000	-57.966003
11484.375000	-59.668644
11531.250000	-59.589981
11578.125000	-58.830692
11625.000000	-60.380005
11671.875000	-60.479805
11718.750000	-60.897457
11765.625000	-62.069469
11812.500000	-62.380775
11859.375000	-61.195427
11906.250000	-61.508274
11953.125000	-62.349289
12000.000000	-61.999298
12046.875000	-61.420948
12093.750000	-61.895016
12140.625000	-59.505253
12187.500000	-60.392746
12234.375000	-62.738152
12281.250000	-62.360661
12328.125000	-60.775681
12375.000000	-62.098122
12421.875000	-62.160309
12468.750000	-62.996204
12515.625000	-61.316311
12562.500000	-60.949043
12609.375000	-61.902935
12656.250000	-61.333015
12703.125000	-61.565651
12750.000000	-62.351189
12796.875000	-62.748978
12843.750000	-62.241035
12890.625000	-61.915707
12937.500000	-61.629196
12984.375000	-62.827724
13031.250000	-60.672470
13078.125000	-61.121109
13125.000000	-62.404846
13171.875000	-64.508614
13218.750000	-64.673576
13265.625000	-64.701469
13312.500000	-63.726562
13359.375000	-63.956711
13406.250000	-66.233482
13453.125000	-65.443642
13500.000000	-64.304642
13546.875000	-64.069244
13593.750000	-63.971397
13640.625000	-63.586376
13687.500000	-62.333279
13734.375000	-62.335648
13781.250000	-62.036659
13828.125000	-62.202942
13875.000000	-62.904541
13921.875000	-63.669102
13968.750000	-63.483864
14015.625000	-62.457352
14062.500000	-62.158604
14109.375000	-61.495636
14156.250000	-61.136909
14203.125000	-62.528221
14250.000000	-62.684525
14296.875000	-62.950790
14343.750000	-62.514488
14390.625000	-62.117390
14437.500000	-62.672794
14484.375000	-62.364059
14531.250000	-59.862785
14578.125000	-60.399849
14625.000000	-62.165466
14671.875000	-61.771915
14718.750000	-62.363117
14765.625000	-63.181992
14812.500000	-64.314346
14859.375000	-62.540543
14906.250000	-61.771355
14953.125000	-62.541809
15000.000000	-62.815887
15046.875000	-63.606827
15093.750000	-63.759785
15140.625000	-63.009533
15187.500000	-62.517422
15234.375000	-63.251053
15281.250000	-63.239475
15328.125000	-63.826794
15375.000000	-63.620537
15421.875000	-64.049500
15468.750000	-64.284157
15515.625000	-64.547951
15562.500000	-63.159096
15609.375000	-63.935768
15656.250000	-64.269051
15703.125000	-64.977066
15750.000000	-65.248650
15796.875000	-67.275040
15843.750000	-68.984009
15890.625000	-69.091064
15937.500000	-65.515030
15984.375000	-64.958321
16031.250000	-70.956223
16078.125000	-85.653557
16125.000000	-96.938133
16171.875000	-102.979141
16218.750000	-107.371521
16265.625000	-111.320641
16312.500000	-113.569016
16359.375000	-116.339134
16406.250000	-119.786011
16453.125000	-120.573364
16500.000000	-124.103401
16546.875000	-126.087242
16593.750000	-128.000763
16640.625000	-130.481735
16687.500000	-134.259064
16734.375000	-138.528870
16781.250000	-141.070541
16828.125000	-142.024155
16875.000000	-142.101013
16921.875000	-144.624374
16968.750000	-146.248154
17015.625000	-146.917313
17062.500000	-148.278809
17109.375000	-149.261368
17156.250000	-147.037430
17203.125000	-145.968689
17250.000000	-147.209351
17296.875000	-146.862244
17343.750000	-144.945694
17390.625000	-145.459076
17437.500000	-145.298889
17484.375000	-143.742889
17531.250000	-145.268539
17578.125000	-145.212372
17625.000000	-142.998016
17671.875000	-145.178741
17718.750000	-147.888519
17765.625000	-148.903152
17812.500000	-148.787262
17859.375000	-139.940735
17906.250000	-130.520432
17953.125000	-128.183517
18000.000000	-132.344193
18046.875000	-126.441238
18093.750000	-127.425964
18140.625000	-135.019409
18187.500000	-145.438324
18234.375000	-146.003143
18281.250000	-146.921143
18328.125000	-148.308212
18375.000000	-145.729736
18421.875000	-146.085648
18468.750000	-148.488281
18515.625000	-150.237930
18562.500000	-150.827148
18609.375000	-149.982086
18656.250000	-148.269211
18703.125000	-146.828506
18750.000000	-147.675003
18796.875000	-148.931396
18843.750000	-148.206223
18890.625000	-147.520493
18937.500000	-145.388733
18984.375000	-144.537643
19031.250000	-145.825668
19078.125000	-147.843933
19125.000000	-147.051712
19171.875000	-146.888535
19218.750000	-147.279572
19265.625000	-150.256439
19312.500000	-149.887665
19359.375000	-144.441254
19406.250000	-133.346817
19453.125000	-129.434219
19500.000000	-135.232895
19546.875000	-136.003738
19593.750000	-135.925140
19640.625000	-141.230682
19687.500000	-142.114929
19734.375000	-142.620377
19781.250000	-144.337280
19828.125000	-145.806259
19875.000000	-146.229233
19921.875000	-146.878281
19968.750000	-146.646667
20015.625000	-148.635986
20062.500000	-148.932495
20109.375000	-147.315445
20156.250000	-147.738113
20203.125000	-147.556381
20250.000000	-148.048615
20296.875000	-148.585205
20343.750000	-148.559723
20390.625000	-147.640625
20437.500000	-144.407990
20484.375000	-144.049057
20531.250000	-145.916962
20578.125000	-146.716873
20625.000000	-145.991913
20671.875000	-144.486191
20718.750000	-143.526337
20765.625000	-146.306335
20812.500000	-148.659256
20859.375000	-141.375504
20906.250000	-132.290298
20953.125000	-129.435745
21000.000000	-132.812408
21046.875000	-133.492310
21093.750000	-138.776291
21140.625000	-145.225067
21187.500000	-147.290848
21234.375000	-148.112198
21281.250000	-149.306107
21328.125000	-149.070801
21375.000000	-146.056137
21421.875000	-144.700943
21468.750000	-144.064835
21515.625000	-146.132599
21562.500000	-148.027969
21609.375000	-147.910034
21656.250000	-148.209702
21703.125000	-147.709778
21750.000000	-147.246262
21796.875000	-147.817642
21843.750000	-147.086578
21890.625000	-147.604431
21937.500000	-147.865341
21984.375000	-147.766663
22031.250000	-148.740189
22078.125000	-148.711945
22125.000000	-145.978546
22171.875000	-147.091690
22218.750000	-148.014893
22265.625000	-148.037598
22312.500000	-142.648880
22359.375000	-136.365341
22406.250000	-133.139542
22453.125000	-130.097900
22500.000000	-135.412262
22546.875000	-138.557983
22593.750000	-135.588928
22640.625000	-139.040039
22687.500000	-145.291382
22734.375000	-146.328201
22781.250000	-146.482330
22828.125000	-147.285187
22875.000000	-144.855652
22921.875000	-146.966522
22968.750000	-149.208145
23015.625000	-149.242950
23062.500000	-147.668503
23109.375000	-145.906052
23156.250000	-145.993423
23203.125000	-147.386841
23250.000000	-147.623901
23296.875000	-148.299210
23343.750000	-148.539490
23390.625000	-147.918381
23437.500000	-147.825012
23484.375000	-146.648987
23531.250000	-146.417114
23578.125000	-146.885132
23625.000000	-144.543686
23671.875000	-146.790131
23718.750000	-149.436722
23765.625000	-149.555527
23812.500000	-149.207199
23859.375000	-138.156845
23906.250000	-129.480469
23953.125000	-128.125626
